tree
version=v3
num_class=1
num_tree_per_iteration=1
label_index=0
max_feature_idx=2
objective=regression
feature_names=Column_0 Column_1 Column_2
feature_infos=[1:250] [1.27588638:65.522999999999996] [284.30808029999997:922.94560560000002]
tree_sizes=2269 3496 3280 3147

Tree=0
num_leaves=20
num_cat=0
split_feature=1 1 1 1 1 1 1 0 0 1 1 0 1 1 1 1 0 1 1
split_gain=6.93023e+06 989211 897703 132464 126389 111367 100338 50469.2 30228.7 18333.1 17373.8 16178 14645.5 14064.9 11911.2 11338.8 10074.5 9596.07 8702.8
threshold=30.803600215000003 13.930620880000001 47.027618805000003 21.718149805000007 6.7920527010000002 55.46410847500001 39.240089880000006 47.530303030000006 45.015151515000007 26.260875010000003 10.036856418500001 27.409090910000003 3.5472489825000006 17.824385340000003 34.697364680000014 60.006833680000007 9.8030303025000016 51.570344010000007 43.13385434500001
decision_type=2 2 2 2 2 2 2 2 2 2 2 2 2 2 2 2 2 2 2
left_child=1 4 6 13 12 8 14 16 -4 -5 -6 -8 -1 -3 -2 -9 -7 -10 -13
right_child=2 3 5 9 10 7 11 15 17 -11 -12 18 -14 -15 -16 -17 -18 -19 -20
leaf_value=7.02454578273273 73.875345804026566 42.651507307890292 117.04595494423525 58.443178638908051 25.180650681283687 145.48628222762397 103.93274332750451 112.54649765537289 99.85083833992222 66.474214531088251 34.106080860650835 87.175924065425889 16.169242249460531 50.347832796507916 80.657242377151064 119.18925276418494 129.20034972813215 106.62215828039248 93.564225516800306
leaf_weight=314 476 482 185 571 399 47 98 444 460 566 481 427 396 468 568 610 198 384 426
leaf_count=314 476 482 185 571 399 47 98 444 460 566 481 427 396 468 568 610 198 384 426
internal_value=72.7558 40.8423 99.9004 55.1587 22.0508 113.24 84.3338 119.396 105.469 62.441 30.0592 91.7643 12.125 46.443 77.5651 116.391 132.325 102.932 90.3663
internal_weight=0 3677 4323 2087 1590 2328 1995 1299 1029 1137 880 951 710 950 1044 1054 245 844 853
internal_count=8000 3677 4323 2087 1590 2328 1995 1299 1029 1137 880 951 710 950 1044 1054 245 844 853
is_linear=1
leaf_const=7.02454578273273 73.875345804026566 42.651507307890292 117.04595494423525 58.443178638908051 25.180650681283687 145.48628222762397 103.93274332750451 112.54649765537289 99.85083833992222 66.474214531088251 34.106080860650835 87.175924065425889 16.169242249460531 50.347832796507916 80.657242377151064 119.18925276418494 129.20034972813215 106.62215828039248 93.564225516800306
num_features=0 0 0 0 0 0 0 0 0 0 0 0 0 0 0 0 0 0 0 0
leaf_features=                    
leaf_coeff=                    
shrinkage=1


Tree=1
num_leaves=20
num_cat=0
split_feature=0 0 1 2 2 0 0 1 1 2 1 2 1 1 0 0 1 1 0
split_gain=13930.1 7031.1 3667.41 2973.58 1939.46 2350.07 1377.44 1147.62 1021.21 625.261 426.681 434.158 627.046 377.269 354.642 352.851 304.623 261.02 242.724
threshold=105.37878785000002 4.772727272500001 23.665032035000007 714.82124385000009 630.01924285000007 163.22727275000003 2.2575757575000002 28.856717985000003 55.46410847500001 813.21662345000016 1.600366752 595.71914995000009 27.558796500000003 63.900598140000007 47.530303030000006 205.98484845000004 39.240089880000006 51.570344010000007 32.439393940000009
decision_type=2 2 2 2 2 2 2 2 2 2 2 2 2 2 2 2 2 2 2
left_child=1 2 -1 7 10 13 -4 18 -9 14 -2 -12 -13 -6 -5 -7 -8 -17 -3
right_child=4 3 6 9 5 15 16 8 -10 -11 11 12 -14 -15 -16 17 -18 -19 -20
leaf_value=1.884966077549117 -3.5845490313590842 0.94592427877132257 16.018349673437037 1.4051205995212119 -0.2660218731145419 -1.9706859947713529 11.034725926139139 1.8424461794375802 -0.65215102302287009 5.8517240147159351 -0.27918844817261645 -3.7430333286882882 -0.85520480255140585 2.4332158759236338 4.0432017551678596 -2.5193843222751493 5.9326240539550783 -3.6884035885707713 -0.0051309632064114909
leaf_weight=56 47 368 46 83 378 596 22 1291 188 123 1917 83 799 60 132 476 25 319 991
leaf_count=56 47 368 46 83 378 596 22 1291 188 123 1917 83 799 60 132 476 25 319 991
internal_value=0 1.56469 8.2784 1.24972 -1.11285 -1.9163 12.1282 0.915789 1.52535 4.05352 -0.596507 -0.546332 -1.12696 0.103737 3.02478 -2.55238 8.32084 -2.98846 0.252403
internal_weight=0 3325 149 3176 4675 1829 93 2838 1479 338 2846 2799 882 438 215 1391 47 795 1359
internal_count=8000 3325 149 3176 4675 1829 93 2838 1479 338 2846 2799 882 438 215 1391 47 795 1359
is_linear=1
leaf_const=0.8512495906968649 4.2883523851633072 4.1202544049597947 0 -18.989249553071204 20.858054524288832 2.3072166801946423 -79.954921185970306 -14.978613496732009 -36.737397228629561 -23.713821087345423 -0.10602507590311916 -36.032099699601531 1.3270118488153457 -36.930201709270477 28.460133592927377 -2.3528248229667952 15.616459682583809 11.082760358161977 -1.0383569862528548
num_features=2 3 3 2 2 3 2 2 3 3 2 3 3 3 3 2 3 2 3 3
leaf_features=0 1  0 1 2  0 1 2  0 1  0 2  0 1 2  0 2  0 1  0 1 2  0 1 2  0 2  0 1 2  0 1 2  0 1 2  0 1 2  0 2  0 1 2  0 1  0 1 2  0 1 2  
leaf_coeff=-0.53369815946026389 0.18434507717674509  -0.006534489782552555 -2.5118045881390572 -0.012318403139943257  -0.020469358758267331 0.17235844983288207 -0.012612880747242705  13.967813223641542 0.0463710934054129  -0.17319186813010634 0.032464261913745629  -0.068052724998256986 -0.62145368011424651 0.032562881795172638  -0.022113809241106619 -0.00017937943301327142  19.107715636491776 0.75039280101175621  -0.071348767595842411 -0.049281966469746141 0.042037735723737368  0.063977334348791715 -0.038886941269083763 0.052619878349446481  -0.026149173818894145 0.037031185441229297  -0.0018516919454252233 0.0073971422072085513 6.8800021521694954e-05  -0.0033547589141562639 1.9535997147322632 -0.032678265641152393  -0.00038865755921158041 0.019488476204481131 -0.0046364370220093321  -0.073791737983356143 0.14592286429251544 0.045497404122215812  -0.094822561867551114 -0.022518795892565446  -0.0026455665747988633 0.018626452010465755 -0.00049522359081777267  0.80334603041410446 -0.23479580949276735  -0.048878307589198755 -0.80738464340834071 0.054970311785595527  -0.0068475250423304483 -0.070156143504644955 0.0056321791994409778  
shrinkage=1


Tree=2
num_leaves=20
num_cat=0
split_feature=0 0 1 1 0 1 0 1 1 1 1 1 0 1 1 1 1 2 1
split_gain=279.64 833.244 3183.66 2811.7 956.145 442.832 1115.53 806.19 854.75 560.378 353.583 350.341 2290.24 995.889 359.509 839.988 326.518 274.906 1767.17
threshold=14.833333335000001 45.015151515000007 47.027618805000003 51.570344010000007 24.893939395000004 40.538011370000007 80.22727272500002 39.240089880000006 37.94216839500001 43.13385434500001 60.006833680000007 55.46410847500001 9.8030303025000016 51.570344010000007 28.856717985000003 39.240089880000006 48.974501040000007 500.41084380000001 39.240089880000006
decision_type=2 2 2 2 2 2 2 2 2 2 2 2 2 2 2 2 2 2 2
left_child=11 2 17 16 -5 7 10 8 -3 -8 -7 13 -13 14 -1 -16 -4 18 -2
right_child=1 5 3 4 -6 6 9 -9 -10 -11 -12 12 -14 -15 15 -17 -18 -19 -20
leaf_value=-0.1496956343586858 0.49425766095724316 -0.13359131614620584 -11.741897383043844 1.0347879610588433 -3.4649910127945533 2.3762493098449959 1.6213444724268871 -2.5492312642640638 2.4459112855724823 -0.07128959022617691 0.3251395488602925 -5.5916278643751554 5.4811867283236593 6.9903053784811942 4.4224096221583231 -0.24311595375454703 -7.3421677866497559 1.1027669664341433 -6.216279380531474
leaf_weight=212 363 3763 31 71 141 328 218 133 133 1903 113 47 31 27 70 86 37 249 44
leaf_count=212 363 3763 31 71 141 328 218 133 133 1903 113 47 31 27 70 86 37 249 44
internal_value=0 -0.0468674 -0.92977 -3.75269 -1.95799 0.0785152 0.403567 -0.128182 -0.0455333 0.102682 1.85068 0.745822 -1.19089 1.12826 0.698166 1.85039 -9.34793 0.275134 -0.231206
internal_weight=0 7527 936 280 212 6591 2562 4029 3896 2121 441 473 78 395 368 156 68 656 407
internal_count=8000 7527 936 280 212 6591 2562 4029 3896 2121 441 473 78 395 368 156 68 656 407
is_linear=1
leaf_const=-0.40207021374007401 3.4958431086017612 0.007083634204446243 -98.81600286574394 -5.4607577946775336 -16.799667953932726 0.096602828559753107 -25.013903958670198 6.0683908049832098 -59.020010155662021 -0.62627002547298449 -55.904800150294818 -38.675402284823122 22.424626281431301 -57.978884466589079 -15.820529357640567 -34.791922408847597 -90.300932604644913 -24.889943941438105 -9.0442302618175745
num_features=2 3 2 2 2 2 2 2 2 2 2 2 2 2 2 2 2 2 3 3
leaf_features=0 1  0 1 2  0 1  0 1  0 1  0 1  0 1  0 1  0 1  0 1  0 1  0 1  0 1  0 1  0 1  0 1  0 1  0 1  0 1 2  0 1 2  
leaf_coeff=0.022283597208991784 0.0059727486344298905  0.00067903225080795382 0.13979272424561828 -0.012369565634016311  0.0017449561898429532 -0.02046538514566245  -0.24584534713247841 1.9636829670216684  -0.37847853112448604 0.23750064529302373  -0.20888089096663842 0.35305016487173013  -0.059668355551508956 0.11972902833387034  0.014449789882268138 0.57963051727978154  -0.012493807279383429 -0.16969922325245079  0.0029849463964688738 1.5801951467857407  -0.0021071562461012642 0.016599258367305747  -0.0045141030302632557 0.89911087284039493  -0.30290575461131519 0.56612582783402843  -0.74896206751972016 -0.12749468758629945  -0.76767394767987085 1.3203771604251529  0.3323146774735366 0.53008506017349433  -0.36132535729850934 0.8177650764916915  -0.25477973009575461 1.7980938375663982  -0.13859817321574042 0.18211988884495067 0.048543384280989699  0.14572309461436816 2.1008349171085285 -0.18759615438284527  
shrinkage=1


Tree=3
num_leaves=20
num_cat=0
split_feature=1 1 1 1 1 2 1 1 0 1 1 0 0 0 0 0 0 0 0
split_gain=209.939 720.14 1319.56 924.116 1030.93 459.892 170.868 159.28 31.3123 66.5954 23.5716 5.92508 5.45211 5.03585 4.205 2.47011 0.413527 0.303898 0.170164
threshold=2.2493274955000007 3.5472489825000006 4.8451704700000011 6.7920527010000002 8.0899741880000011 345.77099035000009 2.8982882390000007 4.1962097260000011 105.37878785000002 1.600366752 1.600366752 160.71212125000002 158.19696970000004 155.68181815000003 160.71212125000002 178.31818185000003 92.803030305000021 92.803030305000021 175.80303030000002
decision_type=2 2 2 2 2 2 2 2 2 2 2 2 2 2 2 2 2 2 2
left_child=8 6 7 5 -5 -4 11 12 9 -1 18 16 -3 17 -9 -12 -2 -8 -10
right_child=1 2 3 4 -6 -7 13 14 10 -11 15 -13 -14 -15 -16 -17 -18 -19 -20
leaf_value=-2.9569110202789308 1.4075462510508876 -3.6548965787887573 0.13090147523664283 -2.5179197707293945 0.033235323954990362 3.0245459393451086 3.5109791851043699 -1.6835968272358763 -0.22776305365065733 -0.79315096139907837 -1.0309604763984681 0.76909958905187148 -4.1886726117903184 2.913687998248685 -2.1777442831259508 -1.4634211787155695 1.2231120944023133 3.345598351955414 -0.34813177326451178
leaf_weight=25 31 50 86 162 7128 152 25 51 24 33 25 29 31 31 26 28 20 20 23
leaf_count=25 31 50 86 162 7128 152 25 51 24 33 25 29 31 31 26 28 20 20 23
internal_value=0 0.022994 -0.0201785 0.0398495 -0.023457 1.97894 2.15007 -2.88024 -1.14127 -1.72581 -0.802231 1.13 -3.85918 3.22383 -1.85045 -1.25943 1.33522 3.43748 -0.286667
internal_weight=0 7842 7686 7528 7290 238 156 158 158 58 100 80 81 76 77 53 51 45 47
internal_count=8000 7842 7686 7528 7290 238 156 158 158 58 100 80 81 76 77 53 51 45 47
is_linear=1
leaf_const=2.672795444726944 0.79971107095479965 -2.6803203225135803 -59.494561822791184 -22.743805051226218 0.17504387161220719 -57.792961780069163 -8.9181041717529297 -0.50215732492506504 -0.0069001920055598021 -0.068720765877515078 -0.64625036157667637 0.35107461456209421 -2.3968284726142883 2.6687734108418226 -0.5645948238670826 0.11322520487010479 -1.5814826339483261 3.0468831658363342 2.0756886750459671
num_features=2 2 2 2 1 1 2 2 2 2 2 2 2 2 2 2 2 2 2 2
leaf_features=0 1  0 1  0 1  1 2  1  1  1 2  0 1  0 1  0 1  0 1  0 1  0 1  0 1  0 1  0 1  0 1  0 1  0 1  0 1  
leaf_coeff=-0.0048344989872914357 -4.2199005335569382  -0.0034898333412249627 0.29802306555211544  -0.0023168642115546922 -0.20647690072655678  0.52530919122864361 0.16761694341079192  2.7196269756921083  -0.0038311307194578751  0.68111342679458176 0.16044725811059379  -0.0034192777247056272 3.9028604626655579  -0.0021772579686213968 -0.22185819782316685  -0.0017375104002977301 0.019493896747007966  -0.0018694211471065245 -0.32216420536860824  -0.0059642250893108817 0.2412172332406044  -0.0058140277404751563 0.62879593344405293  -0.0055283577468094869 -0.16885458678007126  -0.0056652391726466078 0.43160229595378041  -0.0054016557734037907 -0.11163571150973439  -0.0059760351635434472 -0.15225440356880426  -0.0047921731769330345 1.3240383639931679  -0.004485012892336826 0.26384258363395929  -0.0017525915472392795 -1.6106849908828735  
shrinkage=1


end of trees

feature_importances:
Column_1=45
Column_0=25
Column_2=6

parameters:
[boosting: gbdt]
[objective: regression]
[metric: rmse]
[tree_learner: serial]
[device_type: cpu]
[data: ]
[valid: ]
[num_iterations: 4]
[learning_rate: 1]
[num_leaves: 20]
[num_threads: 0]
[deterministic: 0]
[force_col_wise: 0]
[force_row_wise: 0]
[histogram_pool_size: -1]
[max_depth: 5]
[min_data_in_leaf: 20]
[min_sum_hessian_in_leaf: 0.001]
[bagging_fraction: 1]
[pos_bagging_fraction: 1]
[neg_bagging_fraction: 1]
[bagging_freq: 0]
[bagging_seed: 3]
[feature_fraction: 1]
[feature_fraction_bynode: 1]
[feature_fraction_seed: 2]
[extra_trees: 0]
[extra_seed: 6]
[early_stopping_round: 0]
[first_metric_only: 0]
[max_delta_step: 0]
[lambda_l1: 0]
[lambda_l2: 0]
[linear_lambda: 0]
[min_gain_to_split: 0]
[drop_rate: 0.1]
[max_drop: 50]
[skip_drop: 0.5]
[xgboost_dart_mode: 0]
[uniform_drop: 0]
[drop_seed: 4]
[top_rate: 0.2]
[other_rate: 0.1]
[min_data_per_group: 100]
[max_cat_threshold: 32]
[cat_l2: 10]
[cat_smooth: 10]
[max_cat_to_onehot: 4]
[top_k: 20]
[monotone_constraints: ]
[monotone_constraints_method: basic]
[monotone_penalty: 0]
[feature_contri: ]
[forcedsplits_filename: ]
[refit_decay_rate: 0.9]
[cegb_tradeoff: 1]
[cegb_penalty_split: 0]
[cegb_penalty_feature_lazy: ]
[cegb_penalty_feature_coupled: ]
[path_smooth: 0]
[interaction_constraints: ]
[verbosity: -1]
[saved_feature_importance_type: 0]
[linear_tree: 1]
[max_bin: 255]
[max_bin_by_feature: ]
[min_data_in_bin: 3]
[bin_construct_sample_cnt: 200000]
[data_random_seed: 1]
[is_enable_sparse: 1]
[enable_bundle: 1]
[use_missing: 1]
[zero_as_missing: 0]
[feature_pre_filter: 1]
[pre_partition: 0]
[two_round: 0]
[header: 0]
[label_column: ]
[weight_column: ]
[group_column: ]
[ignore_column: ]
[categorical_feature: ]
[forcedbins_filename: ]
[precise_float_parser: 0]
[objective_seed: 5]
[num_class: 1]
[is_unbalance: 0]
[scale_pos_weight: 1]
[sigmoid: 1]
[boost_from_average: 1]
[reg_sqrt: 0]
[alpha: 0.9]
[fair_c: 1]
[poisson_max_delta_step: 0.7]
[tweedie_variance_power: 1.5]
[lambdarank_truncation_level: 30]
[lambdarank_norm: 1]
[label_gain: ]
[eval_at: ]
[multi_error_top_k: 1]
[auc_mu_weights: ]
[num_machines: 1]
[local_listen_port: 12400]
[time_out: 120]
[machine_list_filename: ]
[machines: ]
[gpu_platform_id: -1]
[gpu_device_id: -1]
[gpu_use_dp: 0]
[num_gpu: 1]

end of parameters

pandas_categorical:null
